4.2
4.1
3.8
3.1
3
3
3.9
3.8
3.7
3.5
3.1
3.2
2.9
2.7
2.3
3
2.8
2.5
2.2
2.1
1.8
1.7
2
1.5
2
1.6
2
2
1.4
1.5
1.3
1.6
1.5
1.6
1.3
1.3
1.2
1.3
1.2
0.6
0.5
0.7
0.4
0.4
0.6
0.1
-0.1
-0.2
-0.2
-0.3
-0.4
0
-0.5
-0.5
-0.5
-0.5
-0.5
0.3
0
-0.2
-0.4
-0.3
0
-0.4
-0.4
-0.5
-0.6
-0.5
0
-0.5
-0.5
-0.5
0
0.1
0
-0.1
0.2
0.2
0.2
0.1
1
0.2
1
1
0.2
0
0.2
0.1
0.1
0
3
3.3
3
4
4.4
4.8
5
4
3.9
3.6
4.4
4
3.7
3.6
3.9
4
4
5.5
6
6
6
7.6
8
8
6.8
9
10.2
9.4
7
7.5
6
6.5
6.3
7.7
8.7
10.4
10.3
11.9
11.6
11.5
11.1
11.4
11.5
13
12.8
13.7
13.8
13.9
14
13
13.5
13.7
13.2
13.5
13
13.1
15
16
17.3
18.3
17.6
17.2
17.8
18.2
18
16.7
17
15.8
15.8
16.3
16.1
16.2
15.9
17
17.6
17.9
18.3
18.6
18
17.5
17.3
17.4
16.6
16.2
16.9
16.6
17.4
18.1
16.9
16.4
16.2
16.7
16.7
16
16.5
16
16
16.5
17.3
17.7
17
18.3
18
18.7
19.3
18
20.2
20
20.7
21.3
21.4
21.9
21
22.5
22.7
22.8
23.2
23
23.2
23
23
23
23.2
23
23.7
23.3
23
22.7
23
23
22.1
21.8
21.2
20.6
20
20.4
20.6
21
21.1
21
21
20
20
19.8
20
19.4
19
19
19
19
19.1
18.9
19.1
18.9
19
19
19
18.9
18.9
18.6
18.6
18.6
18.8
18.5
18.3
18.2
18
18
17.5
17
17.4
17
17.7
17
17
16
16
15.4
15
15
14
14
14.3
14
14
13.6
13.4
12.8
13.1
13
12.8
12
13
12.8
13
13
12.6
12.5
12.2
12.3
12
12.2
11.6
12
12
11.4
11
10.8
10.7
10.2
10.1
9.7
9.7
9
8.3
9.4
9.2
8.4
8
7.7
7.5
7.3
8.2
8
7.4
7.3
8.1
7.8
7.9
7.9
8
7
6.7
6.4
6
6
6.4
7
7
7
6.8
6.7
7
6.3
6
6
6
6
5.8
5.6
6
5.4
5.1
4.9
4.7
4.6
4.3
4.1
3.9
2.9
3
3
3
2.5
2.4
2.4
3.4
3.2
3.8
3.6
3.4
3.3
3.1
2.7
